16 1 4 1 3 3 4 1 8 3 124
16 1 8 1 3 3 8 1 8 3 224
16 1 12 1 3 3 12 1 8 3 324
16 1 16 1 3 3 16 1 8 3 424
16 1 20 1 3 3 20 1 8 3 524
16 1 24 1 3 3 24 1 8 3 624
16 1 28 1 3 3 28 1 8 3 724
16 1 32 1 3 3 32 1 8 3 824
16 1 36 1 3 3 36 1 8 3 924
24 1 4 1 3 3 4 1 16 3 180
24 1 8 1 3 3 8 1 16 3 312
24 1 12 1 3 3 12 1 16 3 444
24 1 16 1 3 3 16 1 16 3 576
24 1 20 1 3 3 20 1 16 3 708
24 1 24 1 3 3 24 1 16 3 840
24 1 28 1 3 3 28 1 16 3 972
32 1 4 1 3 3 4 1 24 3 236
32 1 8 1 3 3 8 1 24 3 400
32 1 12 1 3 3 12 1 24 3 564
32 1 16 1 3 3 16 1 24 3 728
32 1 20 1 3 3 20 1 24 3 892
40 1 4 1 3 3 4 1 32 3 292
40 1 8 1 3 3 8 1 32 3 488
40 1 12 1 3 3 12 1 32 3 684
40 1 16 1 3 3 16 1 32 3 880
48 1 4 1 3 3 4 1 40 3 348
48 1 8 1 3 3 8 1 40 3 576
48 1 12 1 3 3 12 1 40 3 804
56 1 4 1 3 3 4 1 48 3 404
56 1 8 1 3 3 8 1 48 3 664
56 1 12 1 3 3 12 1 48 3 924
64 1 4 1 3 3 4 1 56 3 460
64 1 8 1 3 3 8 1 56 3 752
72 1 4 1 3 3 4 1 64 3 516
72 1 8 1 3 3 8 1 64 3 840
80 1 4 1 3 3 4 1 72 3 572
80 1 8 1 3 3 8 1 72 3 928
88 1 4 1 3 3 4 1 80 3 628
88 1 8 1 3 3 8 1 80 3 1016
96 1 4 1 3 3 4 1 88 3 684
104 1 4 1 3 3 4 1 96 3 740
112 1 4 1 3 3 4 1 104 3 796
120 1 4 1 3 3 4 1 112 3 852
128 1 4 1 3 3 4 1 120 3 908
136 1 4 1 3 3 4 1 128 3 964
144 1 4 1 3 3 4 1 136 3 1020
16 2 4 1 3 3 4 1 8 4 196
16 2 8 1 3 3 8 1 8 4 360
16 2 12 1 3 3 12 1 8 4 524
16 2 16 1 3 3 16 1 8 4 688
16 2 20 1 3 3 20 1 8 4 852
16 2 24 1 3 3 24 1 8 4 1016
24 2 4 1 3 3 4 1 16 4 292
24 2 8 1 3 3 8 1 16 4 520
24 2 12 1 3 3 12 1 16 4 748
24 2 16 1 3 3 16 1 16 4 976
32 2 4 1 3 3 4 1 24 4 388
32 2 8 1 3 3 8 1 24 4 680
32 2 12 1 3 3 12 1 24 4 972
40 2 4 1 3 3 4 1 32 4 484
40 2 8 1 3 3 8 1 32 4 840
48 2 4 1 3 3 4 1 40 4 580
48 2 8 1 3 3 8 1 40 4 1000
56 2 4 1 3 3 4 1 48 4 676
64 2 4 1 3 3 4 1 56 4 772
72 2 4 1 3 3 4 1 64 4 868
80 2 4 1 3 3 4 1 72 4 964
16 3 4 1 3 3 4 1 8 5 268
16 3 8 1 3 3 8 1 8 5 496
16 3 12 1 3 3 12 1 8 5 724
16 3 16 1 3 3 16 1 8 5 952
24 3 4 1 3 3 4 1 16 5 404
24 3 8 1 3 3 8 1 16 5 728
32 3 4 1 3 3 4 1 24 5 540
32 3 8 1 3 3 8 1 24 5 960
40 3 4 1 3 3 4 1 32 5 676
48 3 4 1 3 3 4 1 40 5 812
56 3 4 1 3 3 4 1 48 5 948
